10.66195
5.37308
4.33678
3.66491
3.25823
2.79881
2.58034
2.35380
2.11837
2.00980
1.85473
1.72928
1.59118
1.51456
1.45644
1.39148
1.29005
1.26469
1.15444
1.15937
1.09213
1.03363
1.04898
0.97109
1.01718
0.91298
0.92446
0.85895
0.86381
0.87784
0.83506
0.77977
0.78568
0.74895
0.72645
0.74684
0.71320
0.71616
0.68651
0.65643
0.68210
0.64656
0.66496
0.62567
0.62179
0.59463
0.58872
0.60780
0.56123
0.57845
0.56751
0.56578
0.53346
0.55118
0.53153
0.52131
0.53292
0.52362
0.48964
0.52440
0.48118
0.49829
0.47937
0.47652
0.45794
0.48304
0.44984
0.43729
0.43906
0.44243
0.44524
0.42582
0.43553
0.43395
0.41954
0.42340
0.39982
0.41060
0.41541
0.40733
0.38580
0.39787
0.39877
0.38674
0.38163
0.37328
0.37217
0.36718
0.37112
0.36303
0.36382
0.36473
0.36591
0.34529
0.35370
0.35252
0.33539
0.34670
0.34885
0.33495
0.32756
0.33946
0.31866
0.32157
0.31522
0.32708
0.31265
0.32472
0.31212
0.31330
0.31275
0.29874
0.29914
0.30000
0.30384
0.29490
0.29725
0.31106
0.29375
0.28525
0.28671
0.28160
0.28172
0.27661
0.28858
0.27637
0.26631
0.28328
0.27216
0.27092
0.27364
0.27422
0.27470
0.26392
0.24833
0.26252
0.26381
0.25502
0.25584
0.24496
0.24563
0.24852
0.24832
0.24705
0.25124
0.24570
0.22930
0.25168
0.24739
0.23667
0.24928
0.22603
0.22869
0.23419
0.22866
0.23178
0.22535
0.22724
0.22915
0.21328
0.23235
0.22731
0.22713
0.20846
0.22504
0.21691
0.21800
0.21172
0.21971
0.21519
0.20111
0.22413
0.21787
0.21264
0.20954
0.20781
0.21365
0.19635
0.20655
0.20092
0.21302
0.20796
0.20026
0.20137
0.20380
0.19158
0.20350
0.18181
0.19274
0.19232
0.18673
0.19412
0.18254
0.19611
0.18359
0.18812
0.18339
0.18596
0.18367
0.19804
